../../.git/annex/objects/v3/z9/MD5E-s17--ab4db578ac018659770e24e9803d9c18.csv/MD5E-s17--ab4db578ac018659770e24e9803d9c18.csv